2194
2209
2175
2204
2178
2214
2193
2217
2191
2207
2190
2241
2239
2227
2228
2190
2215
2225
2202
2225
2222
2211
2223
2226
2209
2221
2217
2221
2230
2223
2218
2229
2238
2245
2236
2233
2236
2231
2243
2224
2237
2236
2230
2244
2220
2213
2232
2240
2218
2205
2202
2228
2250
2230
2258
2245
2274
2277
2297
2251
2288
2289
2282
2283
2280
2253
2303
2262
2273
2227
2257
2238
2254
2269
2275
2306
2304
2293
2295
2308
2304
2296
2295
2310
2324
2304
2301
2292
2295
2271
2287
2300
2322
2323
2345
2339
2348
2320
2329
2340
2363
2338
2336
2337
2308
2274
2279
2263
2288
2309
2283
2299
2308
2314
2303
2303
2277
2297
2296
2285
2289
2303
2323
2341
2331
2281
2296
2295
2287
2274
2270
2298
2324
2307
2284
2295
2294
2292
2282
2299
2303
2269
2290
2297
2297
2274
2271
2283
2270
2266
2302
2287
2265
2279
2284
2284
2264
2279
2253
2242
2229
2260
2233
2256
2255
2276
2272
2267
2292
2278
2284
2295
2285
2281
2280
2277
2271
2279
2282
2275
2256
2268
2277
2259
2277
2267
2253
2237
2262
2233
2223
2230
2239
2233
2233
2228
2211
2203
2197
2200
2187
2200
2210
2205
2222
2200
2198
2173
2181
2182
2200
2175
2160
2180
2174
2139
2122
2127
2130
2125
2098
2145
2111
2128
2102
2075
2083
2079
2048
2046
2049
2039
2041
2038
2036
2037
2020
2035
2044
2023
2016
2020
2021
2024
2017
2022
2006
2023
2012
2017
2000
1998
1977
2027
2008
1976
2002
1978
1970
1983
1995
1986
1987
1950
1984
1959
1973
1960
1938
1961
1939
1935
1926
1921
1908
1900
1886
1911
1880
1893
1884
1892
1883
1852
1833
1813
1817
1811
1792
1790
1784
1793
1783
1779
1780
1784
1775
1754
1763
1745
1762
1744
1761
1754
1738
1724
1750
1732
1741
1717
1714
1711
1714
1704
1709
1708
1702
1692
1694
1687
1688
1675
1688
1672
1661
1666
1668
1670
1656
1656
1646
1644
1670
1649
1655
1651
1645
1664
1628
1625
1642
1624
1634
1625
1625
1628
1618
1607
1596
1606
1589
1595
1598
1585
1604
1612
1614
1575
1589
1596
1614
1606
1610
1592
1589
1588
1587
1585
1594
1567
1568
1574
1565
1576
1579
1562
1563
1577
1561
1568
1585
1583
1577
1604
1585
1593
1578
1585
1580
1571
1557
1561
1579
1590
1587
1582
1584
1573
1563
1588
1584
1565
1570
1593
1574
1569
1561
1582
1583
1600
1599
1625
1599
1583
1625
1640
1647
1642
1626
1662
1649
1643
1652
1658
1653
1669
1658
1662
1649
1687
1682
1673
1676
1684
1695
1698
1695
1685
1711
1709
1691
1718
1735
1729
1750
1738
1750
1745
1740
1734
1714
1745
1737
1763
1756
1738
1748
1771
1762
1735
1745
1773
1756
1762
1752
1762
1777
1784
1760
1798
1784
1811
1796
1804
1809
1809
1827
1827
1817
1834
1837
1843
1842
1832
1845
1843
1856
1844
1853
1856
1854
1857
1851
1862
1854
1858
1852
1841
1832
1835
1857
1865
1850
1879
1859
1872
1901
1875
1891
1863
1891
1893
1905
1903
1889
1891
1894
1881
1913
1893
1899
1883
1909
1923
1906
1909
1923
1911
1938
1944
1944
1930
1948
1948
1966
1985
1976
1973
2028
1983
1996
2006
2000
2010
2042
2029
2040
2018
2061
2041
2039
2045
2059
2068
2032
2036
2051
2054
2055
2015
2062
2060
2069
2064
2064
2060
2071
2065
2070
2077
2069
2065
2059
2057
2056
2081
2078
2068
2055
2055
2076
2058
2060
2056
2046
2041
2041
2035
2042
2047
2026
2037
2018
2028
2029
2033
2041
2048
2035
2031
2035
2031
2031
2027
2026
2023
2020
2019
2036
2039
2043
2031
2033
2046
2023
2020
2026
2019
2029
2036
2029
2035
2025
2031
2025
2033
2035
2033
2053
2030
2031
2040
2126
2205
2167
2169
2146
2153
2161
2158
2177
2140
2129
2137
2095
1788
2290
2101
2094
2093
2061
2069
2101
2111
2078
2096
2087
2111
2101
2103
2115
2121
2121
2139
2131
2145
2159
2149
2175
2146
2137
2137
2138
2157
2141
2126
2158
2172
2165
2183
2186
2181
2183
2190
2188
2209
2214
2236
2236
2215
2231
2221
2234
2243
2213
2260
2276
2269
2267
2293
2264
2257
2270
2262
2247
2249
2229
2247
2269
2267
2277
2269
2279
2270
2271
2302
2288
2296
2287
2292
2298
2308
2318
2313
2334
2340
2327
2364
2357
2352
2358
2367
2362
2350
2371
2327
2371
2380
2410
2409
2413
2422
2436
2432
2465
2463
2487
2490
2530
2527
2512
2512
2545
2540
2539
2541
2557
2560
2553
2568
2580
2599
2607
2585
2589
2607
2614
2594
2609
2619
2620
2639
2658
2642
2620
2662
2659
2670
2691
2717
2701
2702
2723
2721
2765
2798
2775
2802
2773
2781
2785
2834
2831
2851
2844
2824
2867
2897
2921
2906
2900
2914
2942
3007
2999
2985
2995
3030
3031
2999
3005
3036
2994
3024
2983
2999
3030
3024
3023
3018
3042
3034
3049
3005
3049
3030
3022
3063
3059
3056
3088
3093
3101
3095
3110
3119
3146
3136
3169
3151
3173
3153
3165
3180
3196
3193
3198
3232
3239
3245
3254
3248
3236
3247
3279
3287
3275
3277
3287
3304
3337
3358
3333
3358
3332
3345
3343
3367
3371
3367
3377
3369
3397
3396
3392
3411
3407
3394
3377
3407
3403
3372
3388
3394
3362
3376
3348
3395
3370
3401
3397
3393
3428
3395
3428
3436
3451
3461
3470
3453
3487
3488
3520
3507
3504
3437
3490
3502
3472
3497
3498
3497
3502
3494
3475
3500
3507
3483
3491
3502
3514
3512
3515
3534
3530
3503
3541
3550
3567
3536
3501
3524
3510
3541
3494
3526
3513
3530
3501
3528
3533
3507
3509
3481
3431
3462
3500
3480
3481
3467
3510
3480
3501
3515
3515
3536
3553
3548
3553
3552
3565
3556
3556
3543
3565
3541
3548
3561
3572
3587
3590
3609
3586
3556
3566
3533
3538
3544
3570
3551
3577
3559
3575
3582
3559
3566
3562
3565
3581
3538
3545
3583
3563
3535
3524
3559
3537
3527
3541
3549
3553
3521
3513
3501
3457
3448
3456
3475
3462
3454
3478
3479
3476
3476
3473
3480
3481
3498
3485
3502
3528
3520
3523
3545
3506
3547
3544
3540
3558
3535
3557
3545
3555
3536
3551
3562
3555
3528
3524
3533
3534
3525
3511
3538
3549
3534
3529
3554
3567
3556
3557
3550
3576
3574
3579
3551
3582
3552
3546
3560
3548
3539
3566
3541
3525
3525
3489
3533
3522
3489
3517
3545
3531
3524
3529
3539
3535
3514
3517
3460
3509
3498
3512
3547
3527
3529
3570
3539
3532
3558
3535
3538
3616
3615
3606
3613
3586
3644
3643
3634
3652
3666
3645
3675
3653
3652
3666
3616
3595
3602
3610
3595
3567
3569
3572
3581
3559
3565
3556
3532
3585
3572
3571
3553
3534
3521
3506
3491
3494
3502
3508
3504
3516
3544
3510
3542
3547
3520
3531
3508
3526
3513
3519
3487
3513
3499
3516
3519
3507
3508
3500
3514
3485
3498
3515
3536
3538
3551
3593
3594
3567
3615
3563
3547
3566
3541
3538
3511
3540
3505
3504
3536
3540
3549
3536
3529
3536
3591
3807
3586
3557
3551
3555
3527
3532
3756
3636
3571
3539
3519
3493
3453
3470
3468
3452
3486
3464
3445
3447
3426
3427
3469
3453
3457
3473
3450
3471
3451
3423
3445
3449
3440
3451
3442
3482
3458
3471
3452
3449
3429
3490
3465
3489
3462
3474
3461
3477
3478
3512
3493
3469
3469
3469
3463
3456
3462
3411
3422
3429
3442
3410
3419
3420
3394
3395
3358
3368
3359
3389
3344
3338
3346
3345
3342
3368
3343
3355
3336
3362
3323
3356
3366
3314
3336
3341
3337
3325
3330
3331
3347
3311
3311
3314
3301
3283
3330
3310
3271
3290
3300
3276
3289
3258
3265
3265
3255
3273
3257
3258
3248
3244
3237
3227
3224
3203
3197
3190
3187
3159
3159
3163
3160
3155
3129
3099
3091
3099
3059
3070
3061
3042
3043
3045
3073
3037
3053
3031
3042
3039
3014
3043
3005
3023
2995
2991
3009
2971
2978
2974
2965
2970
2979
2966
2943
2975
2950
2931
2913
2891
2882
2900
2891
2889
2884
2844
2850
2856
2835
2851
2828
2830
2832
2836
2833
2797
2817
2798
2785
2767
2784
2774
2762
2773
2752
2731
2716
2699
2697
2693
2694
2665
2667
2672
2683
2655
2661
2642
2651
2663
2586
2629
2631
2625
2616
2614
2621
2601
2630
2619
2629
2628
2615
2604
2591
2605
2582
2589
2571
2579
2551
2562
2571
2576
2584
2565
2554
2564
2576
2556
2555
2541
2530
2544
2522
2541
2524
2524
2537
2533
2521
2514
2504
2514
2518
2493
2470
2481
2468
2473
2485
2500
2515
2457
2467
2481
2488
2465
2486
2484
2474
